-4106.6
-4100.4
-4094.1
-4087.8
-4081.4
-4075
-4068.6
-4062.1
-4055.6
-4049.1
-4042.5
-4036
-4029.3
-4022.7
-4016
-4009.2
-4002.4
-3995.6
-3988.6
-3981.6
-3974.5
-3967.3
-3960.1
-3952.7
-3945.3
-3937.7
-3930.1
-3922.4
-3914.6
-3906.6
-3898.6
-3890.5
-3882.3
-3873.9
-3865.5
-3857
-3848.4
-3839.8
-3831.2
-3822.6
-3814.1
-3805.7
-3797.3
-3789.1
-3780.9
-3772.9
-3765
-3757.3
-3749.7
-3742.3
-3735
-3727.8
-3720.8
-3714
-3707.2
-3700.7
-3694.2
-3687.8
-3681.5
-3675.3
-3669.1
-3663
-3657
-3651
-3645
-3639.1
-3633.2
-3627.3
-3621.4
-3615.5
-3609.6
-3603.7
-3597.8
-3591.9
-3585.9
-3579.9
-3573.8
-3567.7
-3561.6
-3555.3
-3549.1
-3542.8
-3536.4
-3529.9
-3523.4
-3516.8
-3510.1
-3503.4
-3496.6
-3489.7
-3482.8
-3475.8
-3468.8
-3461.6
-3454.5
-3447.3
-3440
-3432.7
-3425.4
-3418
-3410.7
-3403.3
-3395.9
-3388.5
-3381.1
-3373.6
-3366.2
-3358.8
-3351.3
-3343.9
-3336.5
-3329
-3321.6
-3314.1
-3306.6
-3299.2
-3291.7
-3284.2
-3276.7
-3269.1
-3261.6
-3254.1
-3246.5
-3239
-3231.4
-3223.8
-3216.2
-3208.5
-3200.9
-3193.2
-3185.6
-3177.9
-3170.2
-3162.4
-3154.7
-3146.9
-3139.1
-3131.3
-3123.5
-3115.7
-3107.8
-3099.9
-3092
-3084.1
-3076.2
-3068.2
-3060.3
-3052.3
-3044.3
-3036.3
-3028.2
-3020.2
-3012.1
-3004
-2995.9
-2987.7
-2979.6
-2971.4
-2963.2
-2955
-2946.7
-2938.5
-2930.2
-2921.9
-2913.6
-2905.3
-2896.9
-2888.6
-2880.2
-2871.9
-2863.5
-2855.1
-2846.8
-2838.4
-2830.1
-2821.7
-2813.4
-2805.1
-2796.8
-2788.5
-2780.3
-2772
-2763.8
-2755.6
-2747.4
-2739.1
-2730.9
-2722.6
-2714.3
-2705.9
-2697.4
-2688.9
-2680.2
-2671.4
-2662.5
-2653.5
-2644.4
-2635
-2625.6
-2616
-2606.3
-2596.4
-2586.4
-2576.4
-2566.2
-2556
-2545.7
-2535.3
-2524.9
-2514.6
-2504.2
-2493.8
-2483.5
-2473.3
-2463.1
-2453
-2443
-2433.1
-2423.3
-2413.5
-2403.9
-2394.3
-2384.8
-2375.4
-2366.1
-2356.8
-2347.7
-2338.5
-2329.5
-2320.5
-2311.5
-2302.6
-2293.7
-2284.9
-2276.1
-2267.3
-2258.5
-2249.8
-2241
-2232.3
-2223.6
-2214.9
-2206.3
-2197.6
-2189
-2180.4
-2171.8
-2163.2
-2154.7
-2146.2
-2137.7
-2129.2
-2120.8
-2112.4
-2104
-2095.7
-2087.4
-2079.1
-2070.8
-2062.6
-2054.4
-2046.2
-2038.1
-2030
-2022
-2014
-2006.1
-1998.2
-1990.4
-1982.7
-1975
-1967.4
-1959.9
-1952.5
-1945.1
-1937.8
-1930.6
-1923.4
-1916.3
-1909.3
-1902.3
-1895.4
-1888.5
-1881.7
-1874.9
-1868.2
-1861.5
-1854.9
-1848.3
-1841.7
-1835.2
-1828.7
-1822.2
-1815.7
-1809.3
-1802.9
-1796.4
-1790
-1783.6
-1777.2
-1770.8
-1764.4
-1757.9
-1751.5
-1745.1
-1738.6
-1732.1
-1725.6
-1719.1
-1712.7
-1706.2
-1699.7
-1693.2
-1686.8
-1680.3
-1673.9
-1667.5
-1661.1
-1654.8
-1648.5
-1642.2
-1636
-1629.8
-1623.6
-1617.5
-1611.5
-1605.5
-1599.5
-1593.6
-1587.7
-1581.9
-1576.1
-1570.3
-1564.6
-1558.8
-1553.1
-1547.4
-1541.7
-1536
-1530.3
-1524.7
-1519.1
-1513.5
-1507.9
-1502.3
-1496.8
-1491.3
-1485.8
-1480.4
-1474.9
-1469.5
-1464.1
-1458.7
-1453.3
-1447.9
-1442.5
-1437.1
-1431.6
-1426.2
-1420.7
-1415.3
-1409.8
-1404.2
-1398.7
-1393.2
-1387.6
-1382
-1376.4
-1370.8
-1365.1
-1359.4
-1353.7
-1348
-1342.2
-1336.4
-1330.6
-1324.7
-1318.8
-1312.8
-1306.8
-1300.7
-1294.6
-1288.4
-1282.2
-1275.9
-1269.5
-1263.1
-1256.6
-1250
-1243.3
-1236.6
-1229.8
-1223
-1216
-1209
-1201.9
-1194.8
-1187.6
-1180.4
-1173.2
-1165.9
-1158.6
-1151.3
-1144
-1136.7
-1129.5
-1122.2
-1114.9
-1107.7
-1100.5
-1093.3
-1086
-1078.8
-1071.6
-1064.5
-1057.3
-1050.1
-1042.9
-1035.7
-1028.5
-1021.4
-1014.2
-1007
-999.87
-992.74
-985.63
-978.53
-971.45
-964.38
-957.32
-950.29
-943.26
-936.24
-929.23
-922.23
-915.22
-908.2
-901.17
-894.13
-887.06
-879.96
-872.82
-865.64
-858.41
-851.12
-843.76
-836.32
-828.79
-821.17
-813.45
-805.61
-797.66
-789.57
-781.34
-772.97
-764.44
-755.74
-746.86
-737.8
-728.54
-719.08
-709.4
-699.48
-689.33
-678.92
-668.24
-657.29
-646.04
-634.48
-622.61
-610.4
-597.86
-584.95
-571.68
-558.03
-544
-529.59
-514.79
-499.62
-484.06
-468.13
-451.8
-435.09
-417.99
-400.52
-382.67
-364.46
-345.9
-326.97
-307.7
-288.09
-268.14
-247.87
-227.3
-206.43
-185.31
-163.97
-142.43
-120.76
-98.994
-77.196
-55.417
-33.711
-12.133
9.2668
